0 0
1 0
2 0
3 0
4 0
5 0
6 0
7 0
8 0
9 0
10 0
11 0
12 0
13 0
14 0
13 0
12 0
11 0
10 0
9 0
8 0
7 0
6 0
5 0
4 0
3 0
2 0
1 0
0 0
0 1
1 1
2 1
3 1
4 1
5 1
6 1
7 1
7 2
7 3
7 4
6 4
6 3
6 2
6 3
6 4
6 3
6 2
6 3
5 3
4 3
3 3
3 2
3 1
3 0
4 0
4 1
4 2
4 3
5 3
6 3
5 3
6 3
6 4
6 5
5 5
4 5
3 5
3 4
3 3
2 3
1 3
1 4
1 5
1 6
1 7
0 7
0 8
0 9
0 10
0 11
0 12
0 13
0 14
0 15
0 16
0 17
0 18
0 19
0 20
0 21
0 22
0 23
0 24
0 25
0 26
0 27
0 28
0 29
0 30
0 31
0 32
0 33
0 34
0 35
0 36
0 37
0 38
0 39
0 40
0 41
0 42
0 43
0 44
0 45
0 46
0 47
0 48
0 49
1 49
2 49
3 49
4 49
5 49
6 49
7 49
8 49
9 49
10 49
11 49
12 49
13 49
14 49
15 49
16 49
17 49
18 49
19 49
20 49
21 49
22 49
23 49
24 49
25 49
26 49
27 49
28 49
29 49
30 49
31 49
32 49
33 49
34 49
35 49
36 49
37 49
38 49
39 49
40 49
41 49
42 49
43 49
44 49
45 49
46 49
47 49
48 49
49 49
50 49
51 49
52 49
53 49
54 49
55 49
56 49
57 49
58 49
59 49
60 49
61 49
62 49
63 49
64 49
65 49
66 49
67 49
68 49
69 49
70 49
71 49
72 49
73 49
74 49
75 49
76 49
77 49
78 49
79 49
80 49
81 49
82 49
83 49
84 49
85 49
86 49
87 49
88 49
89 49
90 49
91 49
92 49
93 49
94 49
95 49
96 49
97 49
98 49
99 49
98 49
97 49
96 49
97 49
98 49
99 49
99 48
99 47
99 46
99 45
99 44
99 43
99 42
99 41
99 40
99 39
99 38
99 37
99 36
99 35
99 34
99 33
99 32
99 31
99 30
99 29
99 28
99 27
99 26
99 25
99 24
99 23
99 22
99 21
99 20
99 19
99 18
99 17
99 16
99 15
99 14
99 13
99 12
99 11
99 10
99 9
99 8
99 7
99 6
99 5
99 4
99 3
99 2
99 1
99 0
98 0
97 0
96 0
95 0
94 0
93 0
92 0
91 0
90 0
89 0
88 0
87 0
86 0
85 0
84 0
83 0
82 0
81 0
